./pos/positive1.jpg 3 639 273 303 107 1066 248 166 74 523 293 48 34
./pos/positive10.jpg 1 416 254 102 38
./pos/positive11.jpg 1 560 231 299 107
./pos/positive12.jpg 1 1010 230 305 224
./pos/positive13.jpg 2 601 86 317 122 477 114 88 32
./pos/positive14.jpg 2 526 160 299 110 526 160 299 110
./pos/positive15.jpg 1 514 160 304 105
./pos/positive16.jpg 3 95 211 107 37 81 179 78 33 565 183 242 147
./pos/positive17.jpg 3 560 184 248 141 90 216 122 40 83 177 69 39
./pos/positive18.jpg 3 552 182 245 145 84 201 111 48 59 173 83 27
./pos/positive19.jpg 3 530 174 258 145 44 163 81 41 7 222 79 37
./pos/positive2.jpg 2 519 291 57 34 1200 266 117 88
./pos/positive20.jpg 3 241 209 145 58 2 204 136 36 555 172 206 158
./pos/positive21.jpg 3 487 219 323 139 805 207 128 29 379 231 80 42
./pos/positive22.jpg 1 482 210 334 132
./pos/positive23.jpg 1 541 227 148 67
./pos/positive24.jpg 3 478 212 99 70 277 227 161 45 2 239 145 59
./pos/positive25.jpg 1 1106 221 104 103
./pos/positive26.jpg 1 678 3 590 264
./pos/positive27.jpg 2 0 45 373 387 743 155 176 76
./pos/positive28.jpg 1 470 157 189 69
./pos/positive29.jpg 1 4 148 295 124
./pos/positive3.jpg 2 1064 266 252 98 673 291 64 38
./pos/positive30.jpg 2 889 211 109 72 1249 227 67 82
./pos/positive31.jpg 1 1 157 1064 220
./pos/positive33.jpg 3 564 254 254 87 62 265 132 48 1117 269 99 62
./pos/positive34.jpg 2 454 276 70 42 628 272 112 53
./pos/positive35.jpg 1 649 334 80 41
./pos/positive36.jpg 1 530 308 57 46
./pos/positive37.jpg 1 491 303 71 48
./pos/positive38.jpg 1 456 272 104 60
./pos/positive39.jpg 1 414 168 179 101
./pos/positive4.jpg 1 614 285 46 33
./pos/positive40.jpg 1 513 201 181 105
./pos/positive41.jpg 1 1224 212 93 102
./pos/positive42.jpg 3 432 243 113 82 573 270 43 34 638 264 109 76
./pos/positive43.jpg 4 522 259 65 59 592 280 35 27 626 260 103 76 5 252 315 204
./pos/positive44.jpg 3 304 268 163 86 516 266 64 54 602 273 79 64
./pos/positive45.jpg 3 394 270 120 62 553 259 58 43 621 272 66 44
./pos/positive46.jpg 4 2 310 123 61 390 277 108 71 542 274 46 38 600 275 66 47
./pos/positive47.jpg 3 616 280 57 42 412 284 108 56 546 274 42 48
./pos/positive48.jpg 3 436 286 86 59 527 289 50 36 612 289 46 39
./pos/positive49.jpg 3 444 286 91 56 538 284 40 39 625 295 36 28
./pos/positive5.jpg 1 596 277 58 40
./pos/positive50.jpg 3 421 284 100 54 525 275 47 41 617 288 34 24
./pos/positive51.jpg 2 235 267 191 77 453 261 76 41
./pos/positive52.jpg 2 1 252 301 160 428 251 78 49
./pos/positive53.jpg 1 448 239 101 56
./pos/positive54.jpg 3 364 231 145 76 634 249 55 24 558 240 51 41
./pos/positive55.jpg 1 191 223 218 129
./pos/positive56.jpg 3 506 253 61 46 572 248 91 59 123 220 270 153
./pos/positive57.jpg 3 340 248 162 81 633 259 125 91 558 259 53 45
./pos/positive58.jpg 3 5 252 304 187 436 264 78 50 600 272 67 46
./pos/positive59.jpg 3 152 274 242 114 443 270 78 46 573 273 57 37
./pos/positive6.jpg 1 636 263 70 59
./pos/positive60.jpg 3 293 277 177 72 499 266 63 45 612 269 56 37
./pos/positive61.jpg 3 312 283 158 74 500 272 67 44 612 272 49 34
./pos/positive62.jpg 3 268 279 194 77 511 269 69 39 635 269 40 26
./pos/positive63.jpg 3 249 277 214 87 504 265 75 45 628 265 42 39
./pos/positive64.jpg 3 5 208 274 302 599 266 159 99 499 270 68 46
./pos/positive65.jpg 3 270 254 191 86 467 247 63 56 562 247 148 94
./pos/positive66.jpg 2 524 262 117 60 714 260 105 68
./pos/positive67.jpg 3 7 247 567 234 973 235 96 53 1124 232 83 45
./pos/positive68.jpg 1 426 260 165 87
./pos/positive69.jpg 2 3 239 227 206 496 260 60 54
./pos/positive7.jpg 1 693 267 120 80
./pos/positive70.jpg 1 448 250 76 57
./pos/positive71.jpg 1 1196 187 122 77
./pos/positive72.jpg 1 252 266 71 34
./pos/positive73.jpg 2 623 291 67 38 734 267 93 52
./pos/positive74.jpg 2 583 283 87 47 747 262 111 71
./pos/positive75.jpg 2 615 275 86 52 776 253 137 76
./pos/positive76.jpg 3 622 252 71 45 778 234 113 73 721 239 52 47
./pos/positive77.jpg 3 579 259 132 73 785 227 164 87 986 179 333 190
./pos/positive78.jpg 3 551 189 252 153 943 207 105 47 88 214 113 47
./pos/positive79.jpg 3 86 213 105 47 386 228 71 25 567 190 238 148
./pos/positive8.jpg 1 571 254 155 107
./pos/positive80.jpg 2 504 371 64 45 1072 331 246 64
./pos/positive81.jpg 1 607 383 67 38
./pos/positive82.jpg 1 419 204 81 62
./pos/positive83.jpg 2 494 223 59 33 1052 183 247 50
./pos/positive84.jpg 2 601 254 169 67 453 266 66 43
./pos/positive85.jpg 1 288 235 322 151
./pos/positive9.jpg 1 621 248 218 103
